MH0001_GL0000007	gi|495393846|ref|WP_008118546.1|	87.21	258	33	0	1	774	1	258	4e-118	432.6
MH0001_GL0000007	gi|493914107|ref|WP_006859436.1|	87.21	258	33	0	1	774	1	258	5e-118	432.2
MH0001_GL0000007	gi|502237210|ref|WP_012738467.1|	86.05	258	36	0	1	774	1	258	9e-117	427.9
MH0001_GL0000007	gi|763144954|ref|WP_044024622.1|	85.27	258	38	0	1	774	1	258	2e-115	423.7
MH0001_GL0000007	gi|345501576|gb|AEN96259.1|	85.26	251	37	0	22	774	1	251	9e-112	411.4
MH0001_GL0000007	gi|547250534|ref|WP_021986160.1|	61.35	251	96	1	22	774	1	250	3e-77	296.6
MH0001_GL0000007	gi|476619333|gb|EMZ26216.1|	52.81	267	109	4	22	774	1	266	3e-64	253.4
MH0001_GL0000007	gi|507786496|gb|EOS44412.1|	52.43	267	110	4	22	774	1	266	5e-64	252.7
MH0001_GL0000007	gi|651924855|ref|WP_026667535.1|	47.04	270	130	2	1	771	1	270	7e-56	225.7
MH0001_GL0000007	gi|651928083|ref|WP_026668888.1|	47.41	270	129	2	1	771	1	270	7e-56	225.7
MH0001_GL0000007	gi|495162931|ref|WP_007887730.1|	97.17	106	3	0	1	318	1	106	9e-50	205.3
MH0001_GL0000007	gi|737805842|ref|WP_035773426.1|	42.28	246	137	3	43	771	1	244	4e-42	179.9
MH0001_GL0000007	gi|654780931|ref|WP_028235062.1|	40.16	249	147	2	22	765	8	255	3e-41	177.2
MH0001_GL0000007	gi|654788031|ref|WP_028242029.1|	40.16	249	147	2	22	765	8	255	5e-41	176.4
MH0001_GL0000007	gi|507787477|gb|EOS45363.1|	48.13	187	83	2	256	774	1	187	1e-36	161.8
MH0001_GL0000007	gi|491796226|ref|WP_005604456.1|	78.72	94	20	0	493	774	1	94	6e-31	142.9
MH0001_GL0000007	gi|495162933|ref|WP_007887732.1|	77.66	94	21	0	493	774	1	94	7e-31	142.5
MH0001_GL0000007	gi|160429060|gb|ABX42623.1|	39.17	240	130	6	52	732	5	241	1e-29	138.3
MH0001_GL0000007	gi|754058596|ref|WP_041704345.1|	40.09	222	120	5	52	687	7	225	9e-29	135.6
MH0001_GL0000007	gi|547834560|ref|WP_022242432.1|	35.12	242	137	6	55	729	5	243	9e-26	125.6
MH0001_GL0000007	gi|547950710|ref|WP_022351524.1|	34.76	233	133	4	76	726	15	244	1e-25	125.2
MH0001_GL0000007	gi|737333007|ref|WP_035315401.1|	35.96	228	129	3	109	741	11	238	8e-25	122.5
MH0001_GL0000007	gi|547271445|ref|WP_022005543.1|	35.10	245	138	5	58	729	4	248	2e-24	121.3
MH0001_GL0000007	gi|547179901|ref|WP_021922276.1|	33.47	248	137	6	55	729	5	247	5e-24	119.8
MH0001_GL0000007	gi|548310520|ref|WP_022501030.1|	33.05	239	125	4	76	744	9	228	5e-24	119.8
