MH0001_GL0000007	gi|495393846|ref|WP_008118546.1|	98.45	258	4	0	1	774	1	258	2e-149	  429
MH0001_GL0000007	gi|493914107|ref|WP_006859436.1|	98.45	258	4	0	1	774	1	258	7e-149	  428
MH0001_GL0000007	gi|502237210|ref|WP_012738467.1|	97.29	258	7	0	1	774	1	258	2e-147	  424
MH0001_GL0000007	gi|763144954|ref|WP_044024622.1|	96.12	258	10	0	1	774	1	258	1e-145	  420
MH0001_GL0000007	gi|547250534|ref|WP_021986160.1|	71.71	251	70	1	22	774	1	250	3e-94	  289
MH0001_GL0000007	gi|505373671|ref|WP_015560773.1|	98.50	133	2	0	376	774	25	157	5e-75	  237
MH0001_GL0000007	gi|651924855|ref|WP_026667535.1|	56.04	273	101	4	1	771	1	270	6e-64	  212
MH0001_GL0000007	gi|651928083|ref|WP_026668888.1|	56.78	273	99	4	1	771	1	270	6e-64	  212
MH0001_GL0000007	gi|495162931|ref|WP_007887730.1|	97.17	106	3	0	1	318	1	106	4e-62	  202
MH0001_GL0000007	gi|737805842|ref|WP_035773426.1|	48.37	246	119	2	40	771	5	244	1e-46	  167
MH0001_GL0000007	gi|654780931|ref|WP_028235062.1|	52.86	210	98	1	136	765	47	255	1e-44	  162
MH0001_GL0000007	gi|654788031|ref|WP_028242029.1|	52.86	210	98	1	136	765	47	255	2e-44	  161
MH0001_GL0000007	gi|491796226|ref|WP_005604456.1|	87.23	94	12	0	493	774	1	94	2e-38	  140
MH0001_GL0000007	gi|495162933|ref|WP_007887732.1|	85.11	94	14	0	493	774	1	94	3e-38	  140
MH0001_GL0000007	gi|736084219|ref|WP_034217638.1|	40.17	234	135	2	64	765	19	247	3e-33	  132
MH0001_GL0000007	gi|547834560|ref|WP_022242432.1|	38.43	242	129	6	55	729	5	243	6e-25	  109
MH0001_GL0000007	gi|754058596|ref|WP_041704345.1|	45.36	194	98	2	130	687	32	225	2e-24	  107
MH0001_GL0000007	gi|548310520|ref|WP_022501030.1|	36.29	237	110	5	76	729	9	223	8e-24	  106
MH0001_GL0000007	gi|547816002|ref|WP_022224822.1|	41.26	223	105	5	88	729	30	235	9e-24	  106
MH0001_GL0000007	gi|547950710|ref|WP_022351524.1|	38.03	234	124	5	76	726	15	244	2e-23	  105
MH0001_GL0000007	gi|547656066|ref|WP_022122888.1|	36.68	229	119	5	76	726	8	222	4e-23	  104
MH0001_GL0000007	gi|547179901|ref|WP_021922276.1|	37.66	239	124	6	73	729	14	247	6e-23	  104
MH0001_GL0000007	gi|548245580|ref|WP_022463479.1|	39.70	199	97	4	79	645	16	201	3e-22	  102
MH0001_GL0000007	gi|665833297|ref|WP_031201414.1|	38.43	216	112	4	133	726	1	213	4e-22	  101
MH0001_GL0000007	gi|495160875|ref|WP_007885676.1|	39.15	212	109	4	139	729	13	219	6e-22	  100
MH0001_GL0000007	gi|547271445|ref|WP_022005543.1|	41.25	240	118	6	76	729	10	248	7e-22	  101
MH0001_GL0000007	gi|657706064|ref|WP_029504726.1|	42.13	197	106	2	130	696	30	226	9e-22	  100
MH0001_GL0000007	gi|511051936|ref|WP_016305760.1|	64.94	77	24	2	22	246	1	76	5e-21	94.4
MH0001_GL0000007	gi|551038764|ref|WP_022782470.1|	34.73	239	121	3	64	720	5	228	8e-21	98.2
MH0001_GL0000007	gi|652821954|ref|WP_027110363.1|	34.31	239	122	3	64	720	5	228	2e-20	97.1
MH0001_GL0000007	gi|547727907|ref|WP_022142069.1|	36.97	211	115	3	127	729	36	238	1e-19	95.1
MH0001_GL0000007	gi|653214688|ref|WP_027427327.1|	37.44	227	131	7	76	732	10	233	1e-18	92.0
MH0001_GL0000007	gi|547949247|ref|WP_022350122.1|	81.48	54	10	0	22	183	1	54	1e-18	87.8
MH0001_GL0000007	gi|763145320|ref|WP_044024988.1|	35.58	208	121	4	139	729	13	218	1e-18	91.3
MH0001_GL0000007	gi|737333007|ref|WP_035315401.1|	40.37	218	111	4	130	729	18	234	2e-18	91.3
MH0001_GL0000007	gi|754033627|ref|WP_041687942.1|	38.40	237	120	6	82	729	12	243	4e-18	90.5
MH0001_GL0000007	gi|736113769|ref|WP_034246288.1|	35.92	206	118	3	136	726	30	230	3e-17	87.8
MH0001_GL0000007	gi|546693037|ref|WP_021885460.1|	33.65	208	127	4	70	669	15	219	4e-17	87.4
MH0001_GL0000007	gi|547901665|ref|WP_022305193.1|	34.63	231	133	5	79	747	18	238	5e-17	87.4
MH0001_GL0000007	gi|653213320|ref|WP_027426012.1|	37.82	193	115	3	154	729	1	189	7e-17	86.3
MH0001_GL0000007	gi|547480871|ref|WP_022098797.1|	37.66	239	119	6	82	729	12	243	1e-16	86.3
MH0001_GL0000007	gi|737684624|ref|WP_035653693.1|	38.28	209	114	7	133	726	1	205	2e-16	85.1
MH0001_GL0000007	gi|652826455|ref|WP_027112510.1|	32.60	227	138	5	76	720	11	234	3e-16	85.1
MH0001_GL0000007	gi|548213555|ref|WP_022433016.1|	39.46	185	95	4	136	657	41	219	3e-16	85.1
MH0001_GL0000007	gi|547281318|ref|WP_022014729.1|	41.44	222	108	5	103	729	25	237	3e-16	84.7
MH0001_GL0000007	gi|547739612|ref|WP_022153219.1|	40.39	203	107	5	130	699	29	230	1e-15	83.6
MH0001_GL0000007	gi|651892676|ref|WP_026651958.1|	58.06	93	39	0	493	771	1	93	2e-15	79.3
MH0001_GL0000007	gi|505372791|ref|WP_015559893.1|	34.74	213	117	5	139	729	44	250	2e-15	82.8
MH0001_GL0000007	gi|651405158|ref|WP_026516723.1|	58.06	93	39	0	493	771	1	93	3e-15	79.0
MH0001_GL0000007	gi|548231682|ref|WP_022450337.1|	32.77	235	134	5	82	729	13	242	4e-15	81.6
MH0001_GL0000007	gi|547246040|ref|WP_021981787.1|	33.33	234	132	6	82	729	13	240	5e-15	81.3
MH0001_GL0000007	gi|736424809|ref|WP_034446971.1|	56.99	93	40	0	493	771	1	93	6e-15	77.8
MH0001_GL0000007	gi|547248480|ref|WP_021984146.1|	32.84	201	111	2	79	663	10	192	2e-14	79.0
MH0001_GL0000007	gi|737663241|ref|WP_035632883.1|	34.41	186	102	2	136	687	42	209	4e-14	80.5
MH0001_GL0000007	gi|493910246|ref|WP_006855756.1|	33.80	213	119	5	139	729	12	218	4e-14	78.6
MH0001_GL0000007	gi|547795286|ref|WP_022205223.1|	38.28	209	109	6	55	642	5	206	4e-14	78.6
MH0001_GL0000007	gi|547314879|ref|WP_022046467.1|	34.55	220	110	5	136	726	34	242	5e-14	78.6
MH0001_GL0000007	gi|505334155|ref|WP_015521257.1|	33.80	213	119	5	139	729	12	218	6e-14	77.8
MH0001_GL0000007	gi|547967390|ref|WP_022367378.1|	31.31	198	113	2	136	696	29	214	7e-14	77.8
MH0001_GL0000007	gi|548060235|ref|WP_022376688.1|	33.17	208	109	4	136	723	34	223	1e-13	76.6
MH0001_GL0000007	gi|546464827|ref|WP_021865910.1|	35.12	205	120	3	139	729	35	234	2e-13	76.6
MH0001_GL0000007	gi|737800302|ref|WP_035767891.1|	32.94	255	144	5	64	747	4	258	2e-13	76.6
MH0001_GL0000007	gi|653225850|ref|WP_027438365.1|	35.81	229	130	6	82	732	8	231	2e-13	76.3
MH0001_GL0000007	gi|651933580|ref|WP_026671282.1|	50.54	93	46	0	493	771	1	93	3e-13	73.2
MH0001_GL0000007	gi|651379961|ref|WP_026492136.1|	49.46	93	47	0	493	771	1	93	4e-13	72.8
MH0001_GL0000007	gi|671562917|ref|WP_031543502.1|	32.43	222	114	7	127	726	2	209	7e-13	74.7
MH0001_GL0000007	gi|651385765|ref|WP_026497848.1|	49.46	93	47	0	493	771	1	93	9e-13	71.6
MH0001_GL0000007	gi|547910137|ref|WP_022313265.1|	35.12	205	115	3	130	699	29	230	1e-12	74.7
MH0001_GL0000007	gi|654781977|ref|WP_028236090.1|	33.76	237	127	8	85	729	15	243	2e-12	73.9
MH0001_GL0000007	gi|651920193|ref|WP_026665346.1|	48.39	93	48	0	493	771	1	93	3e-12	70.5
MH0001_GL0000007	gi|547855405|ref|WP_022262298.1|	31.35	252	126	4	82	729	11	251	4e-12	73.2
MH0001_GL0000007	gi|548311000|ref|WP_022501494.1|	36.67	180	98	3	136	642	35	209	5e-12	72.8
MH0001_GL0000007	gi|697064613|ref|WP_033154195.1|	31.65	237	133	8	85	729	15	244	5e-12	72.8
MH0001_GL0000007	gi|657206210|ref|WP_029320615.1|	37.83	230	116	7	64	675	4	232	6e-12	72.4
MH0001_GL0000007	gi|651422369|ref|WP_026525279.1|	48.39	93	48	0	493	771	1	93	1e-11	68.9
MH0001_GL0000007	gi|750166037|ref|WP_040470111.1|	47.22	108	43	2	493	774	1	108	1e-11	68.9
MH0001_GL0000007	gi|547797250|ref|WP_022207072.1|	39.53	172	90	3	136	624	34	200	3e-11	70.9
MH0001_GL0000007	gi|547292981|ref|WP_022025708.1|	30.45	243	133	3	82	729	13	246	3e-11	70.5
MH0001_GL0000007	gi|736114043|ref|WP_034246553.1|	56.04	91	40	0	493	765	1	91	4e-11	67.4
MH0001_GL0000007	gi|737827831|ref|WP_035795132.1|	50.54	93	46	0	493	771	1	93	4e-11	67.4
MH0001_GL0000007	gi|739078105|ref|WP_036949294.1|	34.47	206	112	7	85	654	30	228	4e-11	69.7
MH0001_GL0000007	gi|548329107|ref|WP_022514869.1|	30.71	241	141	4	79	729	12	250	6e-11	69.7
MH0001_GL0000007	gi|651422125|ref|WP_026525041.1|	34.22	187	98	3	64	549	4	190	2e-10	68.6
MH0001_GL0000007	gi|547961707|ref|WP_022361955.1|	35.45	189	114	3	136	681	36	223	2e-10	68.2
MH0001_GL0000007	gi|505363096|ref|WP_015550198.1|	55.74	61	27	0	136	318	47	107	2e-10	65.9
MH0001_GL0000007	gi|502252328|ref|WP_012742323.1|	32.23	211	111	5	136	732	3	193	4e-10	66.6
MH0001_GL0000007	gi|505329054|ref|WP_015516156.1|	32.26	217	114	6	118	732	32	227	8e-10	66.2
MH0001_GL0000007	gi|547466011|ref|WP_022085020.1|	33.66	202	127	5	136	732	35	232	1e-09	65.9
MH0001_GL0000007	gi|651385991|ref|WP_026498073.1|	32.91	234	122	3	64	675	4	232	2e-09	65.9
MH0001_GL0000007	gi|547219823|ref|WP_021959874.1|	30.84	214	120	6	136	729	32	233	2e-09	65.5
MH0001_GL0000007	gi|547940290|ref|WP_022341656.1|	29.13	230	111	6	88	687	13	220	2e-09	65.5
MH0001_GL0000007	gi|651929211|ref|WP_026669333.1|	34.22	187	98	3	64	549	4	190	2e-09	65.5
MH0001_GL0000007	gi|551018632|ref|WP_022762851.1|	32.48	234	123	3	64	675	4	232	3e-09	65.1
MH0001_GL0000007	gi|547200412|ref|WP_021941550.1|	33.81	210	121	5	136	726	38	242	3e-09	65.1
MH0001_GL0000007	gi|750612172|ref|WP_040894040.1|	34.04	188	118	2	136	681	14	201	3e-09	64.7
MH0001_GL0000007	gi|511038477|ref|WP_016292496.1|	29.69	192	99	3	124	630	29	207	6e-09	65.5
MH0001_GL0000007	gi|665912211|ref|WP_031278263.1|	49.07	108	41	2	493	774	1	108	7e-09	61.2
MH0001_GL0000007	gi|651909727|ref|WP_026660678.1|	30.08	236	127	4	64	675	22	251	2e-08	63.5
MH0001_GL0000007	gi|547326405|ref|WP_022057383.1|	31.96	194	100	4	142	693	37	208	2e-08	62.0
MH0001_GL0000007	gi|491790054|ref|WP_005601031.1|	29.91	214	122	6	136	729	32	233	3e-08	62.0
MH0001_GL0000007	gi|651383067|ref|WP_026495200.1|	32.44	262	147	5	64	762	4	264	4e-08	62.0
MH0001_GL0000007	gi|651399099|ref|WP_026510751.1|	30.90	233	130	5	64	675	4	234	5e-08	62.0
MH0001_GL0000007	gi|651919025|ref|WP_026664808.1|	33.05	236	120	6	64	675	4	233	6e-08	61.6
MH0001_GL0000007	gi|651381217|ref|WP_026493357.1|	33.05	236	120	6	64	675	4	233	7e-08	61.2
MH0001_GL0000007	gi|653222229|ref|WP_027434777.1|	28.57	196	118	2	136	714	57	233	1e-07	60.8
MH0001_GL0000007	gi|505363094|ref|WP_015550196.1|	47.25	91	47	1	493	765	1	90	3e-07	56.6
MH0001_GL0000007	gi|547025078|ref|WP_021910586.1|	42.00	100	57	1	376	675	111	209	4e-07	58.9
MH0001_GL0000007	gi|511035331|ref|WP_016289395.1|	31.44	194	120	3	79	627	5	196	8e-07	58.9
MH0001_GL0000007	gi|736109645|ref|WP_034242249.1|	46.30	108	44	2	493	774	1	108	1e-06	55.5
MH0001_GL0000007	gi|510896422|ref|WP_016229519.1|	31.30	230	112	8	130	729	31	244	8e-06	55.8
MH0001_GL0000007	gi|511029965|ref|WP_016284118.1|	53.45	58	20	3	22	189	1	53	8e-06	52.4
MH0001_GL0000007	gi|548221450|ref|WP_022440558.1|	32.64	239	123	6	79	738	7	226	1e-05	54.7
MH0001_GL0000007	gi|652439753|ref|WP_026834795.1|	29.91	107	75	0	394	714	116	222	1e-05	54.3
MH0001_GL0000007	gi|551002898|ref|WP_022747607.1|	30.63	222	115	5	139	726	33	241	2e-05	54.7
MH0001_GL0000007	gi|656028263|ref|WP_029067468.1|	38.66	119	70	2	382	729	100	218	7e-05	52.4
MH0001_GL0000007	gi|652825822|ref|WP_027112110.1|	29.22	219	140	4	58	699	3	211	3e-04	50.4
MH0001_GL0000007	gi|671619073|ref|WP_031587415.1|	27.94	136	62	3	136	507	38	149	9e-04	49.3
